0 0.347588 0.511513 0.120614 0.271930
0 0.433114 0.785088 0.138158 0.275219
0 0.195541 0.819627 0.127924 0.302632
0 0.187135 0.533443 0.125731 0.278509
0 0.652412 0.831689 0.130848 0.291667
0 0.774123 0.494518 0.124269 0.384868
0 0.469664 0.205044 0.114766 0.338816
0 0.286550 0.226425 0.118421 0.230263
0 0.159722 0.234101 0.103070 0.236842
0 0.840278 0.141996 0.107456 0.276316
0 0.656433 0.181469 0.090643 0.333333
0 0.906067 0.827851 0.144006 0.244518
0 0.780702 0.838268 0.081871 0.243421
0 0.949196 0.494518 0.081140 0.323465
0 0.561404 0.517544 0.131579 0.248904
0 0.057018 0.794408 0.084795 0.291667
0 0.067982 0.483004 0.097953 0.265351
