0 0.316689 0.310915 0.082421 0.233923
0 0.460157 0.368947 0.101915 0.218294
0 0.465031 0.566615 0.049077 0.101204
0 0.610807 0.530361 0.055062 0.135793
0 0.554207 0.691263 0.055062 0.108122
0 0.673222 0.679605 0.062585 0.158084
0 0.773940 0.584422 0.058824 0.123495
0 0.757609 0.372790 0.070622 0.166026
0 0.863543 0.180118 0.069767 0.186011
0 0.521888 0.123239 0.082421 0.148091
0 0.178437 0.114912 0.092852 0.156034
0 0.073957 0.306943 0.075752 0.186011
0 0.031207 0.581604 0.049761 0.113759
0 0.133122 0.702024 0.079514 0.184986
0 0.267698 0.718037 0.052839 0.157059
0 0.200752 0.674097 0.048222 0.160389
0 0.393297 0.596720 0.057114 0.110172
0 0.240852 0.448501 0.069254 0.201640
0 0.561987 0.810530 0.031977 0.052524
0 0.484012 0.874584 0.037791 0.080195
0 0.441262 0.773251 0.040185 0.122470
0 0.526077 0.748783 0.049077 0.106841
0 0.335243 0.788368 0.031977 0.070202
0 0.305917 0.514860 0.040014 0.131437
0 0.581053 0.270305 0.056430 0.141430
0 0.451607 0.884064 0.029754 0.069946
0 0.636457 0.876890 0.034884 0.080195
0 0.385858 0.774917 0.030609 0.065847
0 0.084388 0.520369 0.053523 0.113759
0 0.882182 0.433385 0.063953 0.151422
0 0.927069 0.362798 0.054207 0.161414
